298.208 367.846 m
303.877 370.68 l
315.808 371.846 m
321.477 374.681 l
315.808 370.513 m
321.477 373.347 l
298.208 369.179 m
303.877 372.014 l
298.208 370.513 m
303.877 373.347 l
298.208 371.846 m
303.877 374.681 l
314.228 379.319 m
322.978 379.319 l
319.916 384.414 m
322.978 379.319 l
314.228 379.319 m
317.29 384.414 l
305.379 385.153 m
301.003 382.236 l
301.003 382.236 m
301.003 377.875 l
296.628 385.153 m
301.003 382.236 l
301.003 375.673 m
301.003 368.148 l
311.504 386.174 m
311.504 391.973 306.803 396.675 301.003 396.675 c
295.204 396.675 290.503 391.973 290.503 386.174 c
290.503 380.375 295.204 375.673 301.003 375.673 c
306.803 375.673 311.504 380.375 311.504 386.174 c
309.803 401.626 m
309.803 397.265 l
314.178 404.543 m
309.803 401.626 l
320.304 397.688 m
320.304 403.488 315.603 408.189 309.803 408.189 c
304.004 408.189 299.302 403.488 299.302 397.688 c
299.302 391.889 304.004 387.188 309.803 387.188 c
315.603 387.188 320.304 391.889 320.304 397.688 c
318.603 375.673 m
318.603 368.148 l
329.104 386.174 m
329.104 391.973 324.402 396.675 318.603 396.675 c
312.804 396.675 308.102 391.973 308.102 386.174 c
308.102 380.375 312.804 375.673 318.603 375.673 c
324.402 375.673 329.104 380.375 329.104 386.174 c
305.428 404.543 m
309.803 401.626 l